0.006250390000000001 0.0605934 0.0958328 0.0523623 0.09636280000000001 0.0633881 0.47741180000000005 0.4489227 0.44517150000000005 0.4112469 
0.093624 0.0305338 0.05659840000000001 0.0537214 0.0810993 0.010606 0.466063 0.40583781 0.444188 0.4946071 
0.0267926 0.014617 0.0392737 0.0763083 0.0948104 0.0301365 0.42085310000000004 0.4322474 0.4357066 0.46611020000000003 
0.09206530000000002 0.0193276 0.023606000000000002 0.07442180000000001 0.0543736 0.0037360699999999998 0.48930110000000004 0.46630360000000004 0.4199296 0.41323030000000005 
0.07931470000000002 0.0194543 0.028990100000000005 0.0912867 0.0977673 0.0220161 0.40606712 0.48721480000000006 0.4690008 0.40357503 
0.0307762 0.0241467 0.042901 0.0652964 0.040048600000000004 0.0860645 0.4159604 0.49557130000000005 0.4289577 0.46175150000000004 
0.047051100000000005 0.00454506 0.0183425 0.062544 0.0168325 0.0440721 0.45650440000000003 0.4807321 0.43545880000000003 0.41324530000000004 
0.047894 0.0037226200000000003 0.0649562 0.07963010000000001 0.085541 0.07515500000000001 0.4174466 0.4793634 0.46559860000000003 0.40529825 
0.0495309 0.0230606 0.07385180000000001 0.00349569 0.037571 0.0644919 0.4541499 0.40658796 0.4371795 0.4410849 
0.0946892 0.0210356 0.055805600000000004 0.07852690000000001 0.0768683 0.0995762 0.42399830000000005 0.4256629 0.4593207 0.432916 
